"x" "y" "grp" "srtm_56_04" "ruggedness" "Occ_1200" "row_id"
-160790.325768971 4807565.24440289 10127 1528.0546875 7.54772059122721 0.302657875 1
-158790.325768971 4807565.24440289 9977 1540.6640625 14.4459784030914 0.302657875 2
-156790.325768971 4807565.24440289 9979 1532.65234375 10.3292654752731 0.302657875 3
-154790.325768971 4807565.24440289 9981 1540.78125 14.6828708648682 0.302657875 4
-132790.325768971 4807565.24440289 9848 1453.90234375 6.06556963920593 0.639986103 5
-130790.325768971 4807565.24440289 9850 1469.3203125 5.83066892623901 0.639986103 6
-128790.325768971 4807565.24440289 9852 1475.5625 4.60526978969574 0.639986103 7
-126790.325768971 4807565.24440289 9687 1492.20703125 5.84055387973785 0.639986103 8
-124790.325768971 4807565.24440289 9689 1497.453125 4.79118299484253 0.639986103 9
-122790.325768971 4807565.24440289 9691 1511.12890625 5.80250763893127 0.639986103 10
-120790.325768971 4807565.24440289 9693 1528.25 5.77210736274719 0.639986103 11
-118790.325768971 4807565.24440289 9695 1547.1171875 5.93393874168396 0.639986103 12
-116790.325768971 4807565.24440289 9697 1539.30078125 6.39782476425171 0.639986103 13
-162790.325768971 4809565.24440289 9820 1583.3515625 7.31901264190674 0.302657875 14
-160790.325768971 4809565.24440289 9822 1577.5859375 9.01784288883209 0.302657875 15
-158790.325768971 4809565.24440289 9824 1587.45703125 12.1378284692764 0.302657875 16
-156790.325768971 4809565.24440289 9826 1577.296875 9.75181341171265 0.302657875 17
-154790.325768971 4809565.24440289 9828 1574.984375 14.2940571308136 0.302657875 18
-152790.325768971 4809565.24440289 9829 1599.91796875 17.3044323921204 0.302657875 19
-132790.325768971 4809565.24440289 9682 1478.79296875 7.37357652187347 0.639986103 20
-130790.325768971 4809565.24440289 9516 1520.75 11.659688949585 0.639986103 21
-128790.325768971 4809565.24440289 9517 1539.6171875 10.6043974161148 0.639986103 22
-126790.325768971 4809565.24440289 9519 1494.45703125 6.35571265220642 0.639986103 23
-124790.325768971 4809565.24440289 9521 1494.93359375 5.21846520900726 0.639986103 24
-122790.325768971 4809565.24440289 9523 1513.59765625 6.15014612674713 0.639986103 25
-120790.325768971 4809565.24440289 9525 1528.6953125 6.10988807678223 0.639986103 26
-118790.325768971 4809565.24440289 9527 1534.87109375 5.53046226501465 0.639986103 27
-116790.325768971 4809565.24440289 9528 1532.8359375 6.23477876186371 0.639986103 28
-114790.325768971 4809565.24440289 9375 1517.7265625 7.27357244491577 0.639986103 29
-164790.325768971 4811565.24440289 9652 1609.671875 10.9322810173035 0.302657875 30
-162790.325768971 4811565.24440289 9654 1573.21875 5.17165803909302 0.302657875 31
-160790.325768971 4811565.24440289 9656 1573.87890625 5.77861285209656 0.302657875 32
-158790.325768971 4811565.24440289 9658 1589.9453125 7.15302717685699 0.302657875 33
-156790.325768971 4811565.24440289 9660 1572.125 6.0146142244339 0.302657875 34
-154790.325768971 4811565.24440289 9661 1580.21875 8.10424065589905 0.302657875 35
-152790.325768971 4811565.24440289 9495 1579.38671875 6.48239016532898 0.302657875 36
-132790.325768971 4811565.24440289 9359 1464.1328125 4.3446701169014 0.639986103 37
-130790.325768971 4811565.24440289 9360 1474.85546875 5.27766567468643 0.639986103 38
-128790.325768971 4811565.24440289 9362 1496.37109375 8.01239085197449 0.639986103 39
-126790.325768971 4811565.24440289 9364 1491.328125 6.57453942298889 0.639986103 40
-124790.325768971 4811565.24440289 9366 1497.76171875 6.42759919166565 0.639986103 41
-122790.325768971 4811565.24440289 9368 1512.81640625 6.76225614547729 0.639986103 42
-120790.325768971 4811565.24440289 9215 1513.5859375 7.05401253700256 0.639986103 43
-118790.325768971 4811565.24440289 9216 1524.328125 7.29522883892059 0.639986103 44
-116790.325768971 4811565.24440289 9218 1536.99609375 8.53697001934052 0.639986103 45
-114790.325768971 4811565.24440289 9220 1504.76171875 6.86407876014709 0.639986103 46
-112790.325768971 4811565.24440289 9224 1498.375 6.33094918727875 0.5370253 47
-164790.325768971 4813565.24440289 9484 1596.578125 8.82112073898315 0.302657875 48
-162790.325768971 4813565.24440289 9486 1570.9765625 4.95055437088013 0.302657875 49
-160790.325768971 4813565.24440289 9488 1573.83203125 5.74982786178589 0.302657875 50
-158790.325768971 4813565.24440289 9335 1578.73046875 5.47307252883911 0.302657875 51
-156790.325768971 4813565.24440289 9336 1566.46875 5.72107326984406 0.302657875 52
-154790.325768971 4813565.24440289 9338 1552.68359375 5.57493627071381 0.302657875 53
-152790.325768971 4813565.24440289 9340 1565.5234375 5.85847020149231 0.302657875 54
-132790.325768971 4813565.24440289 9203 1455.07421875 7.25665199756622 0.639986103 55
-130790.325768971 4813565.24440289 9205 1458.3984375 4.61015838384628 0.639986103 56
-128790.325768971 4813565.24440289 9207 1470.859375 5.03965133428574 0.639986103 57
-126790.325768971 4813565.24440289 9055 1481.3359375 5.26187086105347 0.639986103 58
-124790.325768971 4813565.24440289 9057 1477.0859375 6.5786007642746 0.639986103 59
-122790.325768971 4813565.24440289 9059 1486.640625 8.11918079853058 0.639986103 60
-120790.325768971 4813565.24440289 9060 1500.62890625 8.60908484458923 0.639986103 61
-118790.325768971 4813565.24440289 9062 1517.3125 8.07455265522003 0.639986103 62
-116790.325768971 4813565.24440289 9064 1524.08203125 8.07581555843353 0.639986103 63
-114790.325768971 4813565.24440289 9066 1514.40625 8.27869248390198 0.639986103 64
-112790.325768971 4813565.24440289 9069 1482.67578125 7.07900786399841 0.434064497 65
-164790.325768971 4815565.24440289 9329 1584.640625 4.5556960105896 0.302657875 66
-162790.325768971 4815565.24440289 9176 1572.19921875 4.28972661495209 0.302657875 67
-160790.325768971 4815565.24440289 9178 1581.38671875 6.39426612854004 0.302657875 68
-158790.325768971 4815565.24440289 9179 1589.453125 6.74371981620789 0.302657875 69
-156790.325768971 4815565.24440289 9181 1571.34375 5.99188661575317 0.302657875 70
-154790.325768971 4815565.24440289 9183 1543.5859375 5.62324941158295 0.302657875 71
-152790.325768971 4815565.24440289 9185 1557.65625 7.04435563087463 0.302657875 72
-132790.325768971 4815565.24440289 8895 1468.6328125 19.0284150441488 0.639986103 73
-130790.325768971 4815565.24440289 8897 1475.3125 13.338427066803 0.639986103 74
-128790.325768971 4815565.24440289 8899 1477.5234375 14.5234667460124 0.639986103 75
-126790.325768971 4815565.24440289 8901 1497.890625 15.8585784435272 0.639986103 76
-124790.325768971 4815565.24440289 8903 1482.640625 15.139854033788 0.639986103 77
-122790.325768971 4815565.24440289 8904 1466.33203125 12.119961977005 0.639986103 78
-120790.325768971 4815565.24440289 8906 1480.6875 10.962233543396 0.639986103 79
-118790.325768971 4815565.24440289 8908 1501.01953125 9.63876326878866 0.639986103 80
-116790.325768971 4815565.24440289 8755 1505.70703125 6.16274797916412 0.639986103 81
-114790.325768971 4815565.24440289 8757 1493.25 6.10932326316833 0.639986103 82
-112790.325768971 4815565.24440289 8760 1477.23046875 8.62241041660309 0.434064497 83
-164790.325768971 4817565.24440289 9020 1589.00390625 4.99169373512268 0.302657875 84
-162790.325768971 4817565.24440289 9022 1577.33203125 4.50071495771408 0.302657875 85
-160790.325768971 4817565.24440289 9023 1586.8671875 5.7888445854187 0.302657875 86
-158790.325768971 4817565.24440289 9025 1596.734375 6.46155714988708 0.302657875 87
-156790.325768971 4817565.24440289 9027 1572.25 6.00953996181488 0.302657875 88
-154790.325768971 4817565.24440289 9029 1545.671875 5.96447622776031 0.302657875 89
-132790.325768971 4817565.24440289 8740 1457.3984375 19.9073481559753 0.639986103 90
-130790.325768971 4817565.24440289 8742 1460.20703125 20.4010872840881 0.639986103 91
-128790.325768971 4817565.24440289 8744 1476.46875 26.0025625228882 0.639986103 92
-126790.325768971 4817565.24440289 8746 1534.84765625 33.1587743759155 0.639986103 93
-124790.325768971 4817565.24440289 8747 1525.29296875 37.1803073883057 0.639986103 94
-122790.325768971 4817565.24440289 8749 1463.46875 24.8628079891205 0.639986103 95
-120790.325768971 4817565.24440289 8595 1473.52734375 20.131856918335 0.639986103 96
-118790.325768971 4817565.24440289 8597 1487.11328125 14.2040367126465 0.639986103 97
-116790.325768971 4817565.24440289 8599 1503.98046875 6.59168601036072 0.639986103 98
-114790.325768971 4817565.24440289 8601 1492.8359375 6.89965057373047 0.639986103 99
-112790.325768971 4817565.24440289 8603 1491.78125 7.55811476707458 0.5370253 100
-164790.325768971 4819565.24440289 8866 1592.2734375 4.07512060801188 0.302657875 101
-162790.325768971 4819565.24440289 8867 1586.0078125 4.70377504825592 0.302657875 102
-160790.325768971 4819565.24440289 8869 1590.45703125 6.51507782936096 0.302657875 103
-158790.325768971 4819565.24440289 8716 1623.671875 9.66186618804932 0.302657875 104
-156790.325768971 4819565.24440289 8718 1577.2421875 10.208638548851 0.302657875 105
-154790.325768971 4819565.24440289 8720 1544.02734375 5.07226276397705 0.302657875 106
-132790.325768971 4819565.24440289 8584 1428.21484375 20.8246898651123 0.639986103 107
-130790.325768971 4819565.24440289 8586 1441.72265625 20.9723372459412 0.639986103 108
-128790.325768971 4819565.24440289 8588 1469.328125 21.1630296707153 0.639986103 109
-126790.325768971 4819565.24440289 8423 1464.578125 15.8251962661743 0.639986103 110
-124790.325768971 4819565.24440289 8425 1485.47265625 32.7476420402527 0.639986103 111
-122790.325768971 4819565.24440289 8427 1447.83203125 39.2039079666138 0.639986103 112
-120790.325768971 4819565.24440289 8429 1494.5859375 28.1255416870117 0.639986103 113
-118790.325768971 4819565.24440289 8431 1515.9453125 16.3456196784973 0.639986103 114
-116790.325768971 4819565.24440289 8433 1512.76171875 8.20205795764923 0.639986103 115
-114790.325768971 4819565.24440289 8434 1510.78515625 8.81958591938019 0.639986103 116
-112790.325768971 4819565.24440289 8437 1489.140625 9.49225580692291 0.5370253 117
-164790.325768971 4821565.24440289 8710 1601.3828125 4.58630603551865 0.302657875 118
-162790.325768971 4821565.24440289 8556 1614.0859375 7.31474733352661 0.302657875 119
-160790.325768971 4821565.24440289 8558 1617.35546875 7.12835896015167 0.302657875 120
-158790.325768971 4821565.24440289 8560 1614.57421875 9.65760374069214 0.302657875 121
-156790.325768971 4821565.24440289 8562 1586.58984375 10.9749753475189 0.302657875 122
-154790.325768971 4821565.24440289 8564 1548.80859375 5.14791309833527 0.302657875 123
-152790.325768971 4821565.24440289 8565 1537.6171875 5.73615837097168 0.302657875 124
-132790.325768971 4821565.24440289 8244 1378.73046875 25.458610534668 0.639986103 125
-130790.325768971 4821565.24440289 8246 1391.99609375 25.2479345798492 0.639986103 126
-128790.325768971 4821565.24440289 8247 1412.71875 19.1322617530823 0.639986103 127
-126790.325768971 4821565.24440289 8249 1431.12890625 18.6127262115479 0.639986103 128
-124790.325768971 4821565.24440289 8251 1425.23046875 37.6909122467041 0.639986103 129
-122790.325768971 4821565.24440289 8253 1426.61328125 35.4319438934326 0.639986103 130
-120790.325768971 4821565.24440289 8255 1488.06640625 37.4359912872314 0.639986103 131
-118790.325768971 4821565.24440289 8257 1525.6328125 30.4593980312347 0.639986103 132
-116790.325768971 4821565.24440289 8087 1605.76953125 43.6539268493652 0.639986103 133
-114790.325768971 4821565.24440289 8089 1549.91796875 21.279611825943 0.639986103 134
-112790.325768971 4821565.24440289 8092 1534.52734375 17.4238247871399 0.5370253 135
-164790.325768971 4823565.24440289 8388 1613.98046875 6.73039567470551 0.302657875 136
-162790.325768971 4823565.24440289 8390 1630.89453125 7.43677055835724 0.302657875 137
-160790.325768971 4823565.24440289 8392 1623.515625 6.73835301399231 0.302657875 138
-158790.325768971 4823565.24440289 8394 1624.21875 8.32545900344849 0.302657875 139
-156790.325768971 4823565.24440289 8396 1591.7421875 9.96795439720154 0.302657875 140
-154790.325768971 4823565.24440289 8397 1573.953125 7.54829466342926 0.302657875 141
-152790.325768971 4823565.24440289 8225 1556.09765625 6.34670305252075 0.4445919725 142
-132790.325768971 4823565.24440289 8073 1374.828125 30.9076867103577 0.639986103 143
-130790.325768971 4823565.24440289 8074 1403.22265625 30.1201505661011 0.639986103 144
-128790.325768971 4823565.24440289 8076 1433.25 35.4180073738098 0.639986103 145
-126790.325768971 4823565.24440289 8078 1425.1484375 35.8530445098877 0.639986103 146
-124790.325768971 4823565.24440289 8080 1362.7265625 41.1035375595093 0.639986103 147
-122790.325768971 4823565.24440289 8082 1440.2109375 36.899169921875 0.639986103 148
-120790.325768971 4823565.24440289 7924 1475.98046875 41.6977195739746 0.639986103 149
-118790.325768971 4823565.24440289 7925 1462.8359375 45.8018989562988 0.639986103 150
-116790.325768971 4823565.24440289 7927 1469.9296875 48.0495719909668 0.639986103 151
-114790.325768971 4823565.24440289 7929 1473.58984375 25.9498081207275 0.639986103 152
-112790.325768971 4823565.24440289 7933 1530.296875 20.8990888595581 0.5370253 153
-164790.325768971 4825565.24440289 8203 1629.109375 7.43592989444733 0.4445919725 154
-162790.325768971 4825565.24440289 8207 1648.26953125 7.47888398170471 0.4445919725 155
-160790.325768971 4825565.24440289 8211 1645.109375 6.81755709648132 0.4445919725 156
-158790.325768971 4825565.24440289 8047 1683.95703125 8.52831840515137 0.58652607 157
-156790.325768971 4825565.24440289 8048 1673.0703125 8.59208869934082 0.58652607 158
-154790.325768971 4825565.24440289 8050 1630.23828125 8.31608939170837 0.58652607 159
-152790.325768971 4825565.24440289 8054 1596.1796875 7.5358544588089 0.546926663 160
-150790.325768971 4825565.24440289 8056 1572.85546875 7.65320992469788 0.751596044 161
-148790.325768971 4825565.24440289 8058 1544 9.97246718406677 0.751596044 162
-146790.325768971 4825565.24440289 8060 1531.04296875 12.4731240272522 0.751596044 163
-144790.325768971 4825565.24440289 8061 1518.57421875 12.3596048355103 0.751596044 164
-142790.325768971 4825565.24440289 7891 1470.76953125 14.4293758869171 0.751596044 165
-140790.325768971 4825565.24440289 7893 1461.2109375 25.6405053138733 0.751596044 166
-138790.325768971 4825565.24440289 7895 1440.91015625 32.0036745071411 0.751596044 167
-136790.325768971 4825565.24440289 7897 1423.8828125 39.6548781394958 0.751596044 168
-134790.325768971 4825565.24440289 7899 1335.80859375 44.1752452850342 0.751596044 169
-132790.325768971 4825565.24440289 7902 1391.4765625 33.376880645752 0.665859004 170
-130790.325768971 4825565.24440289 7906 1433.40625 32.3216643333435 0.622990484 171
-128790.325768971 4825565.24440289 7910 1349.609375 54.531099319458 0.622990484 172
-126790.325768971 4825565.24440289 7729 1301.8046875 38.1920585632324 0.605994865 173
-124790.325768971 4825565.24440289 7731 1279.98046875 35.2708848317464 0.605994865 174
-122790.325768971 4825565.24440289 7732 1330.4296875 36.3258517583211 0.605994865 175
-120790.325768971 4825565.24440289 7736 1397.44921875 38.1091022491455 0.622990484 176
-118790.325768971 4825565.24440289 7740 1417.00390625 43.4622891743978 0.622990484 177
-116790.325768971 4825565.24440289 7744 1471.3046875 50.5540345509847 0.622990484 178
-114790.325768971 4825565.24440289 7748 1525.328125 36.266029993693 0.622990484 179
-112790.325768971 4825565.24440289 7754 1498.5859375 24.1012954711914 0.3396182525 180
-164790.325768971 4827565.24440289 8041 1660.21875 21.1061222553253 0.58652607 181
-162790.325768971 4827565.24440289 7871 1863.109375 39.1593408584595 0.58652607 182
-160790.325768971 4827565.24440289 7873 1819.71484375 28.9207046031952 0.58652607 183
-158790.325768971 4827565.24440289 7874 1778.0703125 19.1412668228149 0.58652607 184
-156790.325768971 4827565.24440289 7876 1739.2421875 12.0948271751404 0.58652607 185
-154790.325768971 4827565.24440289 7878 1689.625 10.1531467437744 0.58652607 186
-152790.325768971 4827565.24440289 7882 1655.30078125 9.71063554286957 0.669061057 187
-150790.325768971 4827565.24440289 7884 1633.25390625 10.4571129083633 0.751596044 188
-148790.325768971 4827565.24440289 7708 1776.34765625 50.9665700594584 0.751596044 189
-146790.325768971 4827565.24440289 7709 1701.9765625 47.6065942446391 0.751596044 190
-144790.325768971 4827565.24440289 7711 1599.03125 44.4528280893962 0.751596044 191
-142790.325768971 4827565.24440289 7713 1444.0390625 24.3164114952087 0.751596044 192
-140790.325768971 4827565.24440289 7715 1375.1640625 23.1549464861552 0.751596044 193
-138790.325768971 4827565.24440289 7717 1352.64453125 25.6346995035807 0.751596044 194
-136790.325768971 4827565.24440289 7718 1357.29296875 31.0932372411092 0.751596044 195
-134790.325768971 4827565.24440289 7720 1275.44140625 49.557861328125 0.751596044 196
-132790.325768971 4827565.24440289 7548 1211.828125 15.1129848957062 0.6787954545 197
-130790.325768971 4827565.24440289 7550 1168.25 18.621573805809 0.605994865 198
-128790.325768971 4827565.24440289 7552 1184.8671875 22.5141532421112 0.605994865 199
-126790.325768971 4827565.24440289 7554 1197.6796875 22.5531694889069 0.605994865 200
-124790.325768971 4827565.24440289 7555 1204.140625 24.6958490610123 0.605994865 201
-122790.325768971 4827565.24440289 7557 1279.65625 30.6397318840027 0.605994865 202
-120790.325768971 4827565.24440289 7559 1341.3984375 37.8020305633545 0.605994865 203
-118790.325768971 4827565.24440289 7561 1369.2421875 43.4132642745972 0.605994865 204
-116790.325768971 4827565.24440289 7390 1440.140625 41.0395174026489 0.605994865 205
-114790.325768971 4827565.24440289 7392 1504.84765625 37.3590121269226 0.605994865 206
-112790.325768971 4827565.24440289 7395 1601.53515625 43.5692844390869 0.245172008 207
-164790.325768971 4829565.24440289 7692 1777.9765625 37.4917577107747 0.58652607 208
-162790.325768971 4829565.24440289 7694 1888.41015625 45.0182183583577 0.58652607 209
-160790.325768971 4829565.24440289 7695 1975.9375 47.0018310546875 0.58652607 210
-158790.325768971 4829565.24440289 7697 1937.8984375 39.851632754008 0.58652607 211
-156790.325768971 4829565.24440289 7699 1848.74609375 37.6379397710164 0.58652607 212
-154790.325768971 4829565.24440289 7701 1775.41015625 33.2705132166545 0.58652607 213
-152790.325768971 4829565.24440289 7529 1913.19140625 57.5332260131836 0.751596044 214
-150790.325768971 4829565.24440289 7530 1886.09375 60.5612545013428 0.751596044 215
-148790.325768971 4829565.24440289 7532 1905.0078125 70.1804447174072 0.751596044 216
-146790.325768971 4829565.24440289 7534 1722.359375 63.196795463562 0.751596044 217
-144790.325768971 4829565.24440289 7536 1564.015625 45.0583028793335 0.751596044 218
-142790.325768971 4829565.24440289 7538 1425.70703125 28.4381527900696 0.751596044 219
-140790.325768971 4829565.24440289 7540 1343.390625 16.15545129776 0.751596044 220
-138790.325768971 4829565.24440289 7368 1265.39453125 7.41053926944733 0.751596044 221
-136790.325768971 4829565.24440289 7370 1235.71484375 6.98509848117828 0.751596044 222
-134790.325768971 4829565.24440289 7372 1179.33203125 5.83203017711639 0.751596044 223
-132790.325768971 4829565.24440289 7375 1147.67578125 6.45433902740479 0.6787954545 224
-130790.325768971 4829565.24440289 7377 1116.4453125 6.22175657749176 0.605994865 225
-128790.325768971 4829565.24440289 7379 1085.62109375 4.93796503543854 0.605994865 226
-126790.325768971 4829565.24440289 7380 1085.1875 5.58477795124054 0.605994865 227
-124790.325768971 4829565.24440289 7382 1132.34765625 7.02790105342865 0.605994865 228
-122790.325768971 4829565.24440289 7226 1227.07421875 20.1005945205688 0.605994865 229
-120790.325768971 4829565.24440289 7228 1356.0546875 30.6862463951111 0.605994865 230
-118790.325768971 4829565.24440289 7230 1474.90625 39.1894860267639 0.605994865 231
-116790.325768971 4829565.24440289 7232 1559.828125 50.8493499755859 0.605994865 232
-114790.325768971 4829565.24440289 7233 1554 50.4470310211182 0.605994865 233
-112790.325768971 4829565.24440289 7236 1534.2265625 47.2000312805176 0.4255834365 234
-164790.325768971 4831565.24440289 7516 1733.48828125 31.1613159179688 0.58652607 235
-162790.325768971 4831565.24440289 7518 1863.32421875 49.3489856719971 0.58652607 236
-160790.325768971 4831565.24440289 7520 1905.2109375 43.5534582138062 0.58652607 237
-158790.325768971 4831565.24440289 7349 1626.78515625 27.618857383728 0.58652607 238
-156790.325768971 4831565.24440289 7351 1628.046875 30.4264600276947 0.58652607 239
-154790.325768971 4831565.24440289 7353 1605.1484375 28.4132249355316 0.58652607 240
-152790.325768971 4831565.24440289 7355 1585.765625 27.4109544754028 0.669061057 241
-150790.325768971 4831565.24440289 7357 1591.69921875 30.5141386985779 0.751596044 242
-148790.325768971 4831565.24440289 7359 1550.4140625 34.9855651855469 0.751596044 243
-146790.325768971 4831565.24440289 7361 1497.93359375 31.9686748981476 0.751596044 244
-144790.325768971 4831565.24440289 7363 1408.57421875 20.8745379447937 0.751596044 245
-142790.325768971 4831565.24440289 7206 1275.11328125 9.23080849647522 0.751596044 246
-140790.325768971 4831565.24440289 7207 1255.87890625 8.24626874923706 0.751596044 247
-138790.325768971 4831565.24440289 7209 1225.453125 6.50147664546967 0.751596044 248
-136790.325768971 4831565.24440289 7211 1199.83984375 6.3585125207901 0.751596044 249
-134790.325768971 4831565.24440289 7213 1159.44921875 5.2492698431015 0.751596044 250
-132790.325768971 4831565.24440289 7217 1132.5390625 5.52069163322449 0.6787954545 251
-130790.325768971 4831565.24440289 7219 1102.42578125 4.40991318225861 0.605994865 252
-128790.325768971 4831565.24440289 7220 1085.703125 4.17481964826584 0.605994865 253
-126790.325768971 4831565.24440289 7062 1053.87109375 4.92837476730347 0.605994865 254
-124790.325768971 4831565.24440289 7064 1098.46484375 7.71991682052612 0.605994865 255
-122790.325768971 4831565.24440289 7066 1178.44140625 16.4321875572205 0.605994865 256
-120790.325768971 4831565.24440289 7068 1229.94140625 23.2528579235077 0.605994865 257
-118790.325768971 4831565.24440289 7070 1319.26953125 29.6158649921417 0.605994865 258
-116790.325768971 4831565.24440289 7071 1356.94140625 37.4796471595764 0.605994865 259
-114790.325768971 4831565.24440289 7073 1390.94140625 38.7999305725098 0.605994865 260
-112790.325768971 4831565.24440289 7076 1374.765625 32.6946649551392 0.4255834365 261
-164790.325768971 4833565.24440289 7343 1682.8046875 29.7309098243713 0.58652607 262
-162790.325768971 4833565.24440289 7186 1531.10546875 14.7695813179016 0.58652607 263
-160790.325768971 4833565.24440289 7188 1514.01953125 13.0973975658417 0.58652607 264
-158790.325768971 4833565.24440289 7190 1498.6015625 13.2442538738251 0.58652607 265
-156790.325768971 4833565.24440289 7192 1488.80078125 13.5104041099548 0.58652607 266
-154790.325768971 4833565.24440289 7193 1481.703125 12.8420941829681 0.58652607 267
-152790.325768971 4833565.24440289 7196 1472.203125 12.1928069591522 0.669061057 268
-150790.325768971 4833565.24440289 7198 1450.671875 12.5349597930908 0.751596044 269
-148790.325768971 4833565.24440289 7041 1339.26953125 10.3611891269684 0.751596044 270
-146790.325768971 4833565.24440289 7043 1296.921875 9.20584464073181 0.751596044 271
-144790.325768971 4833565.24440289 7045 1257.56640625 8.85500049591064 0.751596044 272
-142790.325768971 4833565.24440289 7046 1237.85546875 8.52549695968628 0.751596044 273
-140790.325768971 4833565.24440289 7048 1203.9375 7.10307633876801 0.751596044 274
-138790.325768971 4833565.24440289 7050 1187.70703125 5.62691652774811 0.751596044 275
-136790.325768971 4833565.24440289 7052 1163.8671875 5.49573922157288 0.751596044 276
-134790.325768971 4833565.24440289 7054 1136.74609375 4.43379497528076 0.751596044 277
-132790.325768971 4833565.24440289 6900 1097.46875 3.99740016460419 0.605994865 278
-130790.325768971 4833565.24440289 6901 1085.9375 4.00632137060165 0.605994865 279
-128790.325768971 4833565.24440289 6903 1060.18359375 3.6867356300354 0.605994865 280
-126790.325768971 4833565.24440289 6905 1042.1015625 4.09519511461258 0.605994865 281
-124790.325768971 4833565.24440289 6907 1065.59765625 6.39486527442932 0.605994865 282
-122790.325768971 4833565.24440289 6909 1102.38671875 8.76441740989685 0.605994865 283
-120790.325768971 4833565.24440289 6911 1149.4140625 11.5732626914978 0.605994865 284
-118790.325768971 4833565.24440289 6912 1170.91015625 11.7407817840576 0.605994865 285
-116790.325768971 4833565.24440289 6757 1124.12890625 9.94225811958313 0.605994865 286
-114790.325768971 4833565.24440289 6759 1153.6875 10.471720457077 0.605994865 287
-112790.325768971 4833565.24440289 6762 1166.55859375 10.3261904716492 0.4255834365 288
-164790.325768971 4835565.24440289 7025 1434.25390625 10.9954254627228 0.58652607 289
-162790.325768971 4835565.24440289 7027 1440.11328125 12.1154098510742 0.58652607 290
-160790.325768971 4835565.24440289 7029 1428.3984375 11.154260635376 0.58652607 291
-158790.325768971 4835565.24440289 7031 1415.30859375 10.6101207733154 0.58652607 292
-156790.325768971 4835565.24440289 7032 1406.921875 10.6945095062256 0.58652607 293
-154790.325768971 4835565.24440289 7034 1402.96875 10.433572769165 0.58652607 294
-152790.325768971 4835565.24440289 6880 1321.91796875 9.78680443763733 0.669061057 295
-150790.325768971 4835565.24440289 6882 1301.890625 9.80437135696411 0.751596044 296
-148790.325768971 4835565.24440289 6884 1272.328125 9.51169753074646 0.751596044 297
-146790.325768971 4835565.24440289 6886 1238.80078125 8.5373147726059 0.751596044 298
-144790.325768971 4835565.24440289 6887 1222.5546875 8.0988655090332 0.751596044 299
-142790.325768971 4835565.24440289 6889 1185.18359375 7.80637526512146 0.751596044 300
-140790.325768971 4835565.24440289 6891 1158.7890625 6.30920660495758 0.751596044 301
-138790.325768971 4835565.24440289 6736 1128.02734375 4.47159588336945 0.751596044 302
-136790.325768971 4835565.24440289 6738 1116.3203125 4.19855606555939 0.751596044 303
-134790.325768971 4835565.24440289 6740 1095.62109375 3.91737711429596 0.751596044 304
-132790.325768971 4835565.24440289 6742 1088.75 3.91891664266586 0.6787954545 305
-130790.325768971 4835565.24440289 6744 1068.42578125 3.92786121368408 0.605994865 306
-128790.325768971 4835565.24440289 6746 1046.00390625 3.60814261436462 0.605994865 307
-126790.325768971 4835565.24440289 6748 1029.05078125 3.22591125965118 0.605994865 308
-124790.325768971 4835565.24440289 6750 1031.74609375 4.65308576822281 0.605994865 309
-122790.325768971 4835565.24440289 6593 1025.11328125 5.91642308235168 0.605994865 310
-120790.325768971 4835565.24440289 6594 1034.08203125 6.79927563667297 0.605994865 311
-118790.325768971 4835565.24440289 6596 1052.06640625 7.33469939231873 0.605994865 312
-116790.325768971 4835565.24440289 6598 1067.13671875 8.12741649150848 0.605994865 313
-114790.325768971 4835565.24440289 6600 1091.52734375 8.71195030212402 0.605994865 314
-112790.325768971 4835565.24440289 6604 1104.1640625 8.66417694091797 0.4255834365 315
-164790.325768971 4837565.24440289 6868 1367.5 8.90908086299896 0.58652607 316
-162790.325768971 4837565.24440289 6870 1361.96875 9.89788341522217 0.58652607 317
-160790.325768971 4837565.24440289 6872 1355.1640625 9.6509313583374 0.58652607 318
-158790.325768971 4837565.24440289 6716 1288.64453125 8.49004781246185 0.58652607 319
-156790.325768971 4837565.24440289 6718 1278.1640625 8.33597660064697 0.58652607 320
-154790.325768971 4837565.24440289 6720 1267.74609375 8.6010684967041 0.58652607 321
-152790.325768971 4837565.24440289 6723 1256.9453125 8.77197980880737 0.669061057 322
-150790.325768971 4837565.24440289 6725 1238.13671875 8.84442853927612 0.751596044 323
-148790.325768971 4837565.24440289 6727 1213.26171875 8.40937948226929 0.751596044 324
-146790.325768971 4837565.24440289 6728 1199.76171875 7.99883580207825 0.751596044 325
-144790.325768971 4837565.24440289 6730 1172.6953125 7.05082380771637 0.751596044 326
-142790.325768971 4837565.24440289 6573 1118.66796875 5.3768173456192 0.751596044 327
-140790.325768971 4837565.24440289 6575 1105.46484375 5.62413322925568 0.751596044 328
-138790.325768971 4837565.24440289 6577 1101.46875 4.52012604475021 0.751596044 329
-136790.325768971 4837565.24440289 6579 1094.296875 3.99693423509598 0.751596044 330
-134790.325768971 4837565.24440289 6580 1085.69921875 3.98601013422012 0.751596044 331
-132790.325768971 4837565.24440289 6583 1068.41015625 3.83703470230103 0.6787954545 332
-130790.325768971 4837565.24440289 6585 1051.2265625 3.81902939081192 0.605994865 333
-128790.325768971 4837565.24440289 6587 1031.36328125 3.5203469991684 0.605994865 334
-126790.325768971 4837565.24440289 6431 1004.57421875 2.91846394538879 0.605994865 335
-124790.325768971 4837565.24440289 6433 1000.87890625 2.91497472922007 0.605994865 336
-122790.325768971 4837565.24440289 6434 996.59765625 3.47725089391073 0.605994865 337
-120790.325768971 4837565.24440289 6436 995.2421875 5.58188851674398 0.605994865 338
-118790.325768971 4837565.24440289 6438 1007.7734375 5.94815731048584 0.605994865 339
-116790.325768971 4837565.24440289 6440 1020.80078125 6.40862973531087 0.605994865 340
-114790.325768971 4837565.24440289 6442 1040.39453125 7.09902127583822 0.605994865 341
-112790.325768971 4837565.24440289 6445 1053.08203125 7.04250939687093 0.245172008 342
-164790.325768971 4839565.24440289 6711 1316.1953125 7.37825620174408 0.58652607 343
-162790.325768971 4839565.24440289 6553 1254.8203125 7.40007090568542 0.58652607 344
-160790.325768971 4839565.24440289 6554 1246.3671875 7.35104429721832 0.58652607 345
-158790.325768971 4839565.24440289 6556 1237.6875 7.37203776836395 0.58652607 346
-156790.325768971 4839565.24440289 6558 1225.296875 7.68622422218323 0.58652607 347
-154790.325768971 4839565.24440289 6560 1213.6484375 7.44864523410797 0.58652607 348
-152790.325768971 4839565.24440289 6564 1202.89453125 7.40734875202179 0.669061057 349
-150790.325768971 4839565.24440289 6566 1185.7734375 7.14528584480286 0.751596044 350
-148790.325768971 4839565.24440289 6409 1171.84765625 8.56783080101013 0.751596044 351
-146790.325768971 4839565.24440289 6411 1170.890625 8.24767398834229 0.751596044 352
-144790.325768971 4839565.24440289 6413 1154.6640625 8.39896512031555 0.751596044 353
-142790.325768971 4839565.24440289 6415 1127.05078125 8.42897828420003 0.751596044 354
-140790.325768971 4839565.24440289 6417 1132.10546875 9.60807784398397 0.751596044 355
-138790.325768971 4839565.24440289 6419 1095.86328125 7.73556792736053 0.751596044 356
-136790.325768971 4839565.24440289 6420 1085.59765625 5.03040146827698 0.751596044 357
-134790.325768971 4839565.24440289 6422 1066.6484375 4.13524341583252 0.751596044 358
-132790.325768971 4839565.24440289 6269 1028.88671875 3.67180275917053 0.6787954545 359
-130790.325768971 4839565.24440289 6271 1015.015625 3.60936379432678 0.605994865 360
-128790.325768971 4839565.24440289 6273 999.81640625 3.72529202699661 0.605994865 361
-126790.325768971 4839565.24440289 6275 993.55859375 3.68363910913467 0.605994865 362
-124790.325768971 4839565.24440289 6276 992.2109375 3.207026720047 0.605994865 363
-122790.325768971 4839565.24440289 6278 985.8125 3.29041564464569 0.605994865 364
-120790.325768971 4839565.24440289 6280 976.7578125 6.9877233505249 0.605994865 365
-118790.325768971 4839565.24440289 6282 972.40625 7.52552127838135 0.605994865 366
-116790.325768971 4839565.24440289 6129 951.30859375 5.44224935770035 0.605994865 367
-114790.325768971 4839565.24440289 6131 958.6015625 5.18974351882935 0.605994865 368
-112790.325768971 4839565.24440289 6133 964.60546875 5.57695376873016 0.4255834365 369
-164790.325768971 4841565.24440289 6394 1241.65234375 5.92336813608805 0.58652607 370
-162790.325768971 4841565.24440289 6395 1230.95703125 5.92734225591024 0.58652607 371
-160790.325768971 4841565.24440289 6397 1210.1484375 5.68731220563253 0.58652607 372
-158790.325768971 4841565.24440289 6399 1201.48828125 6.93875352541606 0.58652607 373
-156790.325768971 4841565.24440289 6401 1186.0625 6.06954987843831 0.58652607 374
-154790.325768971 4841565.24440289 6403 1174.27734375 6.36593770980835 0.58652607 375
-152790.325768971 4841565.24440289 6250 1187.99609375 9.72040629386902 0.751596044 376
-150790.325768971 4841565.24440289 6251 1189.13671875 8.61417937278748 0.751596044 377
-148790.325768971 4841565.24440289 6253 1188.0546875 8.9046927690506 0.751596044 378
-146790.325768971 4841565.24440289 6255 1150.4140625 7.31932413578033 0.751596044 379
-144790.325768971 4841565.24440289 6257 1128.51171875 7.60193526744843 0.751596044 380
-142790.325768971 4841565.24440289 6259 1110.2734375 8.14240717887878 0.751596044 381
-140790.325768971 4841565.24440289 6261 1102.2109375 9.21398603916168 0.751596044 382
-138790.325768971 4841565.24440289 6107 1067.3671875 7.46661186218262 0.751596044 383
-136790.325768971 4841565.24440289 6109 1044.57421875 4.99071836471558 0.751596044 384
-134790.325768971 4841565.24440289 6111 1036.0234375 3.97312992811203 0.751596044 385
-132790.325768971 4841565.24440289 6114 1011.546875 3.55202025175095 0.6787954545 386
-130790.325768971 4841565.24440289 6116 999.0859375 3.47936254739761 0.605994865 387
-128790.325768971 4841565.24440289 6118 986.25390625 3.73004430532455 0.605994865 388
-126790.325768971 4841565.24440289 6119 981.53515625 4.9263596534729 0.605994865 389
-124790.325768971 4841565.24440289 6121 989.64453125 7.68695306777954 0.605994865 390
-122790.325768971 4841565.24440289 5967 986.1328125 7.97128248214722 0.605994865 391
-120790.325768971 4841565.24440289 5969 983.40234375 10.1172840595245 0.605994865 392
-118790.325768971 4841565.24440289 5971 957.140625 8.11755990982056 0.605994865 393
-116790.325768971 4841565.24440289 5973 939.1796875 4.69714003801346 0.605994865 394
-114790.325768971 4841565.24440289 5974 930.984375 4.30160599946976 0.605994865 395
-112790.325768971 4841565.24440289 5977 930.6015625 4.43042063713074 0.4255834365 396
-164790.325768971 4843565.24440289 6237 1216.15234375 5.91762292385101 0.58652607 397
-162790.325768971 4843565.24440289 6239 1198.21484375 5.32818365097046 0.58652607 398
-160790.325768971 4843565.24440289 6241 1183.5546875 4.68367993831635 0.58652607 399
-158790.325768971 4843565.24440289 6088 1152.12890625 5.3546040058136 0.58652607 400
-156790.325768971 4843565.24440289 6090 1144.9140625 6.86801958084106 0.58652607 401
-154790.325768971 4843565.24440289 6092 1153.765625 8.10076057910919 0.58652607 402
-152790.325768971 4843565.24440289 6094 1158.1953125 8.35252737998962 0.669061057 403
-150790.325768971 4843565.24440289 6096 1154.2265625 6.49176919460297 0.751596044 404
-148790.325768971 4843565.24440289 6098 1153.2890625 6.04523932933807 0.751596044 405
-146790.325768971 4843565.24440289 6100 1121.08203125 5.73036420345306 0.751596044 406
-144790.325768971 4843565.24440289 6102 1107.140625 6.56582498550415 0.751596044 407
-142790.325768971 4843565.24440289 5947 1086.73046875 7.86494207382202 0.751596044 408
-140790.325768971 4843565.24440289 5948 1080.0390625 7.54452097415924 0.751596044 409
-138790.325768971 4843565.24440289 5950 1054.890625 6.9421820640564 0.751596044 410
-136790.325768971 4843565.24440289 5952 1034.1328125 5.11692643165588 0.751596044 411
-134790.325768971 4843565.24440289 5954 1018.296875 3.75935542583466 0.751596044 412
-132790.325768971 4843565.24440289 5958 998.0703125 3.45147579908371 0.6787954545 413
-130790.325768971 4843565.24440289 5960 984.421875 3.32524812221527 0.605994865 414
-128790.325768971 4843565.24440289 5961 978.54296875 3.367540538311 0.605994865 415
-126790.325768971 4843565.24440289 5808 972.17578125 5.83375453948975 0.605994865 416
-124790.325768971 4843565.24440289 5810 984.0859375 8.58370137214661 0.605994865 417
-122790.325768971 4843565.24440289 5812 983.65625 7.45411503314972 0.605994865 418
-120790.325768971 4843565.24440289 5814 960.40625 10.2437584400177 0.605994865 419
-118790.325768971 4843565.24440289 5816 940.3984375 7.65026307106018 0.605994865 420
-116790.325768971 4843565.24440289 5817 933.515625 6.40108239650726 0.605994865 421
-114790.325768971 4843565.24440289 5819 924.26953125 3.96850281953812 0.605994865 422
-112790.325768971 4843565.24440289 5822 913.7734375 3.37963956594467 0.4255834365 423
-158790.325768971 4845565.24440289 5931 1169.1875 8.81338953971863 0.58652607 424
-156790.325768971 4845565.24440289 5933 1172.68359375 12.3185229301453 0.58652607 425
-154790.325768971 4845565.24440289 5934 1169.48046875 10.4170053005219 0.58652607 426
-152790.325768971 4845565.24440289 5937 1160.625 7.9044224023819 0.669061057 427
-150790.325768971 4845565.24440289 5939 1144.625 6.42984068393707 0.751596044 428
-142790.325768971 4845565.24440289 5792 1089.71484375 7.06977772712708 0.751596044 429
-140790.325768971 4845565.24440289 5794 1069.91015625 7.55396354198456 0.751596044 430
-138790.325768971 4845565.24440289 5796 1052.20703125 6.68053293228149 0.751596044 431
-136790.325768971 4845565.24440289 5798 1022.87109375 5.56193876266479 0.751596044 432
-134790.325768971 4845565.24440289 5800 1005.97265625 3.6499188542366 0.751596044 433
-126790.325768971 4845565.24440289 5655 974.2578125 7.04178750514984 0.605994865 434
-124790.325768971 4845565.24440289 5657 964.3828125 6.69725656509399 0.605994865 435
-122790.325768971 4845565.24440289 5659 957.19140625 7.25774621963501 0.605994865 436
-120790.325768971 4845565.24440289 5661 955.70703125 10.4170873165131 0.605994865 437
-118790.325768971 4845565.24440289 5662 936.75390625 9.60729992389679 0.605994865 438
