1 -146790.325768971 4827565.24440289
2 -144790.325768971 4839565.24440289
3 -128790.325768971 4817565.24440289
4 -140790.325768971 4829565.24440289
5 -122790.325768971 4817565.24440289
6 -154790.325768971 4841565.24440289
7 -150790.325768971 4841565.24440289
8 -154790.325768971 4823565.24440289
9 -146790.325768971 4829565.24440289
10 -148790.325768971 4835565.24440289
11 -154790.325768971 4835565.24440289
12 -130790.325768971 4839565.24440289
13 -122790.325768971 4821565.24440289
14 -138790.325768971 4841565.24440289
15 -150790.325768971 4829565.24440289
16 -128790.325768971 4833565.24440289
17 -122790.325768971 4823565.24440289
18 -148790.325768971 4829565.24440289
19 -154790.325768971 4829565.24440289
20 -154790.325768971 4827565.24440289
21 -144790.325768971 4829565.24440289
22 -132790.325768971 4827565.24440289
23 -122790.325768971 4841565.24440289
24 -122790.325768971 4827565.24440289
25 -136790.325768971 4835565.24440289
26 -128790.325768971 4823565.24440289
27 -136790.325768971 4827565.24440289
28 -154790.325768971 4831565.24440289
29 -122790.325768971 4831565.24440289
30 -128790.325768971 4825565.24440289
